Averages 
  Number of sequences/cluster    Gap      Rand    Adjusted Rand    Fowlkes and Mallows    Jaccard    Adjusted Wallace
-----------------------------  -----  --------  ---------------  ---------------------  ---------  ------------------
                            5   -0.3  0.478947         0.10043                0.445594   0.238462            0.380435
                            5   -0.2  0.728947         0.261785               0.440151   0.27993             0.314742
                            5   -0.1  0.802632         0.446346               0.575238   0.410159            0.490576
                            5    0.2  1                1                      1          1                   1
                            5    0.3  1                1                      1          1                   1
                            5    0.4  0.998105         0.994352               0.995558   0.992               0.994899
                            5    0.5  0.998105         0.994352               0.995558   0.992               0.994899
                            5    0.6  1                1                      1          1                   1
                            5    0.7  1                1                      1          1                   1
                            5    0.8  1                1                      1          1                   1
                            5    0.9  1                1                      1          1                   1
                            5    1    1                1                      1          1                   1 
 Standard Deviations 
  Number of sequences/cluster    Gap        Rand    Adjusted Rand    Fowlkes and Mallows    Jaccard    Adjusted Wallace
-----------------------------  -----  ----------  ---------------  ---------------------  ---------  ------------------
                            5   -0.3  0                 0                      0          0                   0
                            5   -0.2  0.0186081         0.0636269              0.0532573  0.0423268           0.0865081
                            5   -0.1  0.0662266         0.169708               0.125566   0.127072            0.157723
                            5    0.2  0                 0                      0          0                   0
                            5    0.3  0                 0                      0          0                   0
                            5    0.4  0.00947368        0.0282411              0.0222087  0.04                0.0255034
                            5    0.5  0.00947368        0.0282411              0.0222087  0.04                0.0255034
                            5    0.6  0                 0                      0          0                   0
                            5    0.7  0                 0                      0          0                   0
                            5    0.8  0                 0                      0          0                   0
                            5    0.9  0                 0                      0          0                   0
                            5    1    0                 0                      0          0                   0 
 Medians 
  Number of sequences/cluster    Gap      Rand    Adjusted Rand    Fowlkes and Mallows    Jaccard    Adjusted Wallace
-----------------------------  -----  --------  ---------------  ---------------------  ---------  ------------------
                            5   -0.3  0.478947         0.10043                0.445594   0.238462            0.380435
                            5   -0.2  0.728947         0.261785               0.440151   0.27993             0.314742
                            5   -0.1  0.794737         0.422769               0.561791   0.392218            0.488656
                            5    0.2  1                1                      1          1                   1
                            5    0.3  1                1                      1          1                   1
                            5    0.4  1                1                      1          1                   1
                            5    0.5  1                1                      1          1                   1
                            5    0.6  1                1                      1          1                   1
                            5    0.7  1                1                      1          1                   1
                            5    0.8  1                1                      1          1                   1
                            5    0.9  1                1                      1          1                   1
                            5    1    1                1                      1          1                   1
 
 
 Dataframe: 
         5    15   25   50   100
-1.0  0.00  0.0  0.0  0.0  0.0
-0.9  0.00  0.0  0.0  0.0  0.0
-0.8  0.00  0.0  0.0  0.0  0.0
-0.7  0.00  0.0  0.0  0.0  0.0
-0.6  0.00  0.0  0.0  0.0  0.0
-0.5  0.00  0.0  0.0  0.0  0.0
-0.4  0.00  0.0  0.0  0.0  0.0
-0.3  0.12  0.0  0.0  0.0  0.0
-0.2  0.08  0.0  0.0  0.0  0.0
-0.1  0.16  0.0  0.0  0.0  0.0
 0.0  0.00  0.0  0.0  0.0  0.0
 0.1  0.00  0.0  0.0  0.0  0.0
 0.2  0.24  0.0  0.0  0.0  0.0
 0.3  0.76  0.0  0.0  0.0  0.0
 0.4  1.00  0.0  0.0  0.0  0.0
 0.5  1.00  0.0  0.0  0.0  0.0
 0.6  0.96  0.0  0.0  0.0  0.0
 0.7  0.88  0.0  0.0  0.0  0.0
 0.8  0.80  0.0  0.0  0.0  0.0
 0.9  0.68  0.0  0.0  0.0  0.0
 1.0  0.48  0.0  0.0  0.0  0.0