Averages 
  Number of sequences/cluster    Gap      Rand    Adjusted Rand    Fowlkes and Mallows    Jaccard    Adjusted Wallace
-----------------------------  -----  --------  ---------------  ---------------------  ---------  ------------------
                            5   -0.1  0.765789         0.316515               0.466507   0.310633            0.327873
                            5    0.1  0.815789         0.479248               0.599645   0.42623             0.534965
                            5    0.5  0.992105         0.976466               0.981493   0.966667            0.978747
                            5    0.6  0.994079         0.982349               0.98612    0.975               0.98406
                            5    0.7  1                1                      1          1                   1
                            5    0.8  1                1                      1          1                   1
                            5    0.9  1                1                      1          1                   1
                            5    1    1                1                      1          1                   1 
 Standard Deviations 
  Number of sequences/cluster    Gap  Rand                  Adjusted Rand        Fowlkes and Mallows    Jaccard              Adjusted Wallace
-----------------------------  -----  --------------------  -------------------  ---------------------  -------------------  --------------------
                            5   -0.1  0.059623317431461126  0.1635389091021666   0.1245916550140648     0.11014309490600305  0.15832880516787132
                            5    0.1  -                     -                    -                      -                    -
                            5    0.5  0.019338076916709315  0.05764695100687083  0.045333263118382684   0.08164965809277258  0.052058506837673775
                            5    0.6  0.01617939594625201   0.0482308995590171   0.03792852912350228    0.0683130051063973   0.0435552717121325
                            5    0.7  0.0                   0.0                  0.0                    0.0                  0.0
                            5    0.8  0.0                   0.0                  0.0                    0.0                  0.0
                            5    0.9  0.0                   0.0                  0.0                    0.0                  0.0
                            5    1    0.0                   0.0                  0.0                    0.0                  0.0 
 Medians 
  Number of sequences/cluster    Gap      Rand    Adjusted Rand    Fowlkes and Mallows    Jaccard    Adjusted Wallace
-----------------------------  -----  --------  ---------------  ---------------------  ---------  ------------------
                            5   -0.1  0.752632         0.282909               0.441739   0.285297            0.299924
                            5    0.1  0.815789         0.479248               0.599645   0.42623             0.534965
                            5    0.5  1                1                      1          1                   1
                            5    0.6  1                1                      1          1                   1
                            5    0.7  1                1                      1          1                   1
                            5    0.8  1                1                      1          1                   1
                            5    0.9  1                1                      1          1                   1
                            5    1    1                1                      1          1                   1
 
 
 Dataframe: 
         5    15   25   50   100
-1.0  0.00  0.0  0.0  0.0  0.0
-0.9  0.00  0.0  0.0  0.0  0.0
-0.8  0.00  0.0  0.0  0.0  0.0
-0.7  0.00  0.0  0.0  0.0  0.0
-0.6  0.00  0.0  0.0  0.0  0.0
-0.5  0.00  0.0  0.0  0.0  0.0
-0.4  0.00  0.0  0.0  0.0  0.0
-0.3  0.00  0.0  0.0  0.0  0.0
-0.2  0.00  0.0  0.0  0.0  0.0
-0.1  0.16  0.0  0.0  0.0  0.0
 0.0  0.00  0.0  0.0  0.0  0.0
 0.1  0.04  0.0  0.0  0.0  0.0
 0.2  0.00  0.0  0.0  0.0  0.0
 0.3  0.00  0.0  0.0  0.0  0.0
 0.4  0.00  0.0  0.0  0.0  0.0
 0.5  0.24  0.0  0.0  0.0  0.0
 0.6  0.64  0.0  0.0  0.0  0.0
 0.7  0.96  0.0  0.0  0.0  0.0
 0.8  1.00  0.0  0.0  0.0  0.0
 0.9  1.00  0.0  0.0  0.0  0.0
 1.0  1.00  0.0  0.0  0.0  0.0