Averages 
  Number of sequences/cluster    Gap      Rand    Adjusted Rand    Fowlkes and Mallows    Jaccard    Adjusted Wallace
-----------------------------  -----  --------  ---------------  ---------------------  ---------  ------------------
                            5   -0.3  0.452632        0.0802515               0.437163   0.230239            0.323068
                            5   -0.2  0.554386        0.136459                0.433556   0.245137            0.323627
                            5   -0.1  0.752632        0.300705                0.461266   0.298507            0.335664
                            5    0    0.721053        0.183293                0.361682   0.220588            0.192177
                            5    0.1  0.791228        0.400699                0.535144   0.380541            0.420282
                            5    0.2  0.747368        0.278258                0.441033   0.287792            0.291988
                            5    0.3  0.689474        0.137028                0.338815   0.202703            0.157801
                            5    0.7  1               1                       1          1                   1
                            5    0.8  1               1                       1          1                   1
                            5    0.9  1               1                       1          1                   1
                            5    1    1               1                       1          1                   1 
 Standard Deviations 
  Number of sequences/cluster    Gap  Rand                 Adjusted Rand        Fowlkes and Mallows    Jaccard               Adjusted Wallace
-----------------------------  -----  -------------------  -------------------  ---------------------  --------------------  -------------------
                            5   -0.3  0.04558028440970728  0.03495093722600436  0.014601712699355287   0.014242327595393952  0.09936281806705517
                            5   -0.2  0.10867284677858652  0.07783868845112744  0.019725538914043134   0.02598578074923499   0.06892413965533778
                            5   -0.1  -                    -                    -                      -                     -
                            5    0    -                    -                    -                      -                     -
                            5    0.1  0.09551338658818381  0.254795817630125    0.19240254464880346    0.18178857106954974   0.25958482521768556
                            5    0.2  0.0818755220321265   0.19972905824892515  0.1445579507982905     0.12033447971177388   0.1897684234863655
                            5    0.3  -                    -                    -                      -                     -
                            5    0.7  -                    -                    -                      -                     -
                            5    0.8  0.0                  0.0                  0.0                    0.0                   0.0
                            5    0.9  0.0                  0.0                  0.0                    0.0                   0.0
                            5    1    0.0                  0.0                  0.0                    0.0                   0.0 
 Medians 
  Number of sequences/cluster    Gap      Rand    Adjusted Rand    Fowlkes and Mallows    Jaccard    Adjusted Wallace
-----------------------------  -----  --------  ---------------  ---------------------  ---------  ------------------
                            5   -0.3  0.478947         0.10043                0.445594   0.238462            0.380435
                            5   -0.2  0.505263         0.10043                0.444284   0.238462            0.343496
                            5   -0.1  0.752632         0.300705               0.461266   0.298507            0.335664
                            5    0    0.721053         0.183293               0.361682   0.220588            0.192177
                            5    0.1  0.805263         0.419488               0.543251   0.372881            0.426174
                            5    0.2  0.747368         0.278258               0.441033   0.287792            0.291988
                            5    0.3  0.689474         0.137028               0.338815   0.202703            0.157801
                            5    0.7  1                1                      1          1                   1
                            5    0.8  1                1                      1          1                   1
                            5    0.9  1                1                      1          1                   1
                            5    1    1                1                      1          1                   1
 
 
 Dataframe: 
         5    15   25   50   100
-1.0  0.00  0.0  0.0  0.0  0.0
-0.9  0.00  0.0  0.0  0.0  0.0
-0.8  0.00  0.0  0.0  0.0  0.0
-0.7  0.00  0.0  0.0  0.0  0.0
-0.6  0.00  0.0  0.0  0.0  0.0
-0.5  0.00  0.0  0.0  0.0  0.0
-0.4  0.00  0.0  0.0  0.0  0.0
-0.3  0.12  0.0  0.0  0.0  0.0
-0.2  0.12  0.0  0.0  0.0  0.0
-0.1  0.04  0.0  0.0  0.0  0.0
 0.0  0.04  0.0  0.0  0.0  0.0
 0.1  0.12  0.0  0.0  0.0  0.0
 0.2  0.08  0.0  0.0  0.0  0.0
 0.3  0.04  0.0  0.0  0.0  0.0
 0.4  0.00  0.0  0.0  0.0  0.0
 0.5  0.00  0.0  0.0  0.0  0.0
 0.6  0.00  0.0  0.0  0.0  0.0
 0.7  0.04  0.0  0.0  0.0  0.0
 0.8  0.12  0.0  0.0  0.0  0.0
 0.9  0.20  0.0  0.0  0.0  0.0
 1.0  0.68  0.0  0.0  0.0  0.0