Averages 
  Number of sequences/cluster    Gap      Rand    Adjusted Rand    Fowlkes and Mallows    Jaccard    Adjusted Wallace
-----------------------------  -----  --------  ---------------  ---------------------  ---------  ------------------
                            5   -0.1  0.795            0.292944               0.417487   0.263411            0.313008
                            5    0.1  0.8              0.310574               0.432048   0.277422            0.329177
                            5    0.2  0.766667         0.233577               0.377171   0.230769            0.268908
                            5    0.3  0.818889         0.389017               0.499931   0.340696            0.420576
                            5    0.4  0.84             0.458647               0.557086   0.384615            0.504132
                            5    0.5  0.931667         0.760382               0.801878   0.682888            0.781076
                            5    0.6  0.900833         0.665673               0.727796   0.581916            0.71545
                            5    0.7  0.956667         0.846819               0.873121   0.776515            0.866787
                            5    0.8  0.97             0.892857               0.910936   0.836364            0.903614
                            5    0.9  0.97             0.892857               0.910936   0.836364            0.903614 
 Standard Deviations 
  Number of sequences/cluster    Gap  Rand                   Adjusted Rand         Fowlkes and Mallows    Jaccard               Adjusted Wallace
-----------------------------  -----  ---------------------  --------------------  ---------------------  --------------------  --------------------
                            5   -0.1  0.0023570226039551345  0.019621091972671117  0.018868638800256014   0.014706036040167758  0.028744178097014166
                            5    0.1  0.03382963855030739    0.10322720734798027   0.08252731627999539    0.06755392936235505   0.10441585092815218
                            5    0.2  -                      -                     -                      -                     -
                            5    0.3  0.05669933698743589    0.17815404018533731   0.14290119504287768    0.13423397987337232   0.171809950126152
                            5    0.4  -                      -                     -                      -                     -
                            5    0.5  0.05421151989096864    0.187348059134974     0.15423089009624888    0.21704774994710063   0.17329622553910687
                            5    0.6  0.04863888095691285    0.15458718662634097   0.12360007421394308    0.17143472690646622   0.12938470565070553
                            5    0.7  0.018856180831641232   0.06510748822309174   0.0534784136735217     0.08463853896020791   0.05208191013080766
                            5    0.8  -                      -                     -                      -                     -
                            5    0.9  -                      -                     -                      -                     - 
 Medians 
  Number of sequences/cluster    Gap      Rand    Adjusted Rand    Fowlkes and Mallows    Jaccard    Adjusted Wallace
-----------------------------  -----  --------  ---------------  ---------------------  ---------  ------------------
                            5   -0.1  0.795            0.292944               0.417487   0.263411            0.313008
                            5    0.1  0.806667         0.314961               0.431455   0.275               0.322581
                            5    0.2  0.766667         0.233577               0.377171   0.230769            0.268908
                            5    0.3  0.796667         0.327206               0.452679   0.290698            0.372385
                            5    0.4  0.84             0.458647               0.557086   0.384615            0.504132
                            5    0.5  0.931667         0.760382               0.801878   0.682888            0.781076
                            5    0.6  0.888333         0.608875               0.676647   0.511083            0.673424
                            5    0.7  0.956667         0.846819               0.873121   0.776515            0.866787
                            5    0.8  0.97             0.892857               0.910936   0.836364            0.903614
                            5    0.9  0.97             0.892857               0.910936   0.836364            0.903614
 
 
 Dataframe: 
         5    15   25   50   100
-1.0  0.00  0.0  0.0  0.0  0.0
-0.9  0.00  0.0  0.0  0.0  0.0
-0.8  0.00  0.0  0.0  0.0  0.0
-0.7  0.00  0.0  0.0  0.0  0.0
-0.6  0.00  0.0  0.0  0.0  0.0
-0.5  0.00  0.0  0.0  0.0  0.0
-0.4  0.00  0.0  0.0  0.0  0.0
-0.3  0.08  0.0  0.0  0.0  0.0
-0.2  0.00  0.0  0.0  0.0  0.0
-0.1  0.04  0.0  0.0  0.0  0.0
 0.0  0.12  0.0  0.0  0.0  0.0
 0.1  0.12  0.0  0.0  0.0  0.0
 0.2  0.20  0.0  0.0  0.0  0.0
 0.3  0.28  0.0  0.0  0.0  0.0
 0.4  0.08  0.0  0.0  0.0  0.0
 0.5  0.08  0.0  0.0  0.0  0.0
 0.6  0.12  0.0  0.0  0.0  0.0
 0.7  0.16  0.0  0.0  0.0  0.0
 0.8  0.28  0.0  0.0  0.0  0.0
 0.9  0.60  0.0  0.0  0.0  0.0
 1.0  0.76  0.0  0.0  0.0  0.0