Averages 
  Number of sequences/cluster    Gap      Rand    Adjusted Rand    Fowlkes and Mallows    Jaccard    Adjusted Wallace
-----------------------------  -----  --------  ---------------  ---------------------  ---------  ------------------
                            5   -0.3  0.498889        0.0944606               0.394076   0.196755            0.362701
                            5   -0.1  0.87            0.556818                0.636878   0.465753            0.604938
                            5    0    0.91            0.678571                0.732709   0.578125            0.686747
                            5    0.1  0.945           0.802429                0.835468   0.724633            0.807807
                            5    0.2  0.996667        0.988095                0.990104   0.981818            0.98929
                            5    0.3  1               1                       1          1                   1
                            5    0.4  1               1                       1          1                   1
                            5    0.5  1               1                       1          1                   1
                            5    0.6  1               1                       1          1                   1
                            5    0.7  1               1                       1          1                   1
                            5    0.8  1               1                       1          1                   1
                            5    0.9  1               1                       1          1                   1
                            5    1    1               1                       1          1                   1 
 Standard Deviations 
  Number of sequences/cluster    Gap  Rand                  Adjusted Rand        Fowlkes and Mallows    Jaccard               Adjusted Wallace
-----------------------------  -----  --------------------  -------------------  ---------------------  --------------------  -------------------
                            5   -0.3  0.05091750772173154   0.03138580711785509  0.015003692798679327   0.013356414395311891  0.07465001356194263
                            5   -0.1  -                     -                    -                      -                     -
                            5    0    -                     -                    -                      -                     -
                            5    0.1  0.03535533905932733   0.12788531214030993  0.10672768495110836    0.15801037163171527   0.13549188250591385
                            5    0.2  0.010000000000000009  0.0357142857142857   0.029688086820486553   0.054545454545454564  0.03212851405622489
                            5    0.3  0.0                   0.0                  0.0                    0.0                   0.0
                            5    0.4  0.0                   0.0                  0.0                    0.0                   0.0
                            5    0.5  0.0                   0.0                  0.0                    0.0                   0.0
                            5    0.6  0.0                   0.0                  0.0                    0.0                   0.0
                            5    0.7  0.0                   0.0                  0.0                    0.0                   0.0
                            5    0.8  0.0                   0.0                  0.0                    0.0                   0.0
                            5    0.9  0.0                   0.0                  0.0                    0.0                   0.0
                            5    1    0.0                   0.0                  0.0                    0.0                   0.0 
 Medians 
  Number of sequences/cluster    Gap    Rand    Adjusted Rand    Fowlkes and Mallows    Jaccard    Adjusted Wallace
-----------------------------  -----  ------  ---------------  ---------------------  ---------  ------------------
                            5   -0.3   0.51          0.110887               0.395033   0.203488            0.370629
                            5   -0.1   0.87          0.556818               0.636878   0.465753            0.604938
                            5    0     0.91          0.678571               0.732709   0.578125            0.686747
                            5    0.1   0.945         0.802429               0.835468   0.724633            0.807807
                            5    0.2   1             1                      1          1                   1
                            5    0.3   1             1                      1          1                   1
                            5    0.4   1             1                      1          1                   1
                            5    0.5   1             1                      1          1                   1
                            5    0.6   1             1                      1          1                   1
                            5    0.7   1             1                      1          1                   1
                            5    0.8   1             1                      1          1                   1
                            5    0.9   1             1                      1          1                   1
                            5    1     1             1                      1          1                   1
 
 
 Dataframe: 
         5    15   25   50   100
-1.0  0.00  0.0  0.0  0.0  0.0
-0.9  0.00  0.0  0.0  0.0  0.0
-0.8  0.00  0.0  0.0  0.0  0.0
-0.7  0.00  0.0  0.0  0.0  0.0
-0.6  0.00  0.0  0.0  0.0  0.0
-0.5  0.00  0.0  0.0  0.0  0.0
-0.4  0.00  0.0  0.0  0.0  0.0
-0.3  0.08  0.0  0.0  0.0  0.0
-0.2  0.08  0.0  0.0  0.0  0.0
-0.1  0.04  0.0  0.0  0.0  0.0
 0.0  0.08  0.0  0.0  0.0  0.0
 0.1  0.16  0.0  0.0  0.0  0.0
 0.2  0.00  0.0  0.0  0.0  0.0
 0.3  0.12  0.0  0.0  0.0  0.0
 0.4  0.16  0.0  0.0  0.0  0.0
 0.5  0.16  0.0  0.0  0.0  0.0
 0.6  0.12  0.0  0.0  0.0  0.0
 0.7  0.00  0.0  0.0  0.0  0.0
 0.8  0.00  0.0  0.0  0.0  0.0
 0.9  0.00  0.0  0.0  0.0  0.0
 1.0  0.00  0.0  0.0  0.0  0.0