Averages 
  Number of sequences/cluster    Gap      Rand    Adjusted Rand    Fowlkes and Mallows    Jaccard    Adjusted Wallace
-----------------------------  -----  --------  ---------------  ---------------------  ---------  ------------------
                            5   -0.1  0.796667         0.355634               0.483766   0.314607            0.433476
                            5    0    0.816667         0.375                  0.487025   0.320988            0.407407
                            5    0.1  0.836667         0.449983               0.550542   0.379984            0.49075
                            5    0.2  0.845            0.489544               0.586632   0.412227            0.559568
                            5    0.3  0.92             0.72093                0.7698     0.625               0.756098
                            5    0.4  0.956667         0.849479               0.876091   0.791357            0.872918
                            5    0.5  1                1                      1          1                   1
                            5    0.6  1                1                      1          1                   1
                            5    0.7  1                1                      1          1                   1
                            5    0.8  1                1                      1          1                   1 
 Standard Deviations 
  Number of sequences/cluster    Gap  Rand                  Adjusted Rand        Fowlkes and Mallows    Jaccard               Adjusted Wallace
-----------------------------  -----  --------------------  -------------------  ---------------------  --------------------  --------------------
                            5   -0.1  -                     -                    -                      -                     -
                            5    0    -                     -                    -                      -                     -
                            5    0.1  0.037712361663282463  0.09835605533148477  0.07305090676565723    0.07151946038471782   0.0674746490324066
                            5    0.2  0.016499158227686096  0.04117133599252714  0.029623406236718757   0.031089097889138967  0.024317829383235276
                            5    0.3  -                     -                    -                      -                     -
                            5    0.4  0.038514066694304495  0.1307533168130186   0.10680669708006817    0.16496497792797984   0.10844213292418196
                            5    0.5  -                     -                    -                      -                     -
                            5    0.6  0.0                   0.0                  0.0                    0.0                   0.0
                            5    0.7  0.0                   0.0                  0.0                    0.0                   0.0
                            5    0.8  -                     -                    -                      -                     - 
 Medians 
  Number of sequences/cluster    Gap      Rand    Adjusted Rand    Fowlkes and Mallows    Jaccard    Adjusted Wallace
-----------------------------  -----  --------  ---------------  ---------------------  ---------  ------------------
                            5   -0.1  0.796667         0.355634               0.483766   0.314607            0.433476
                            5    0    0.816667         0.375                  0.487025   0.320988            0.407407
                            5    0.1  0.836667         0.449983               0.550542   0.379984            0.49075
                            5    0.2  0.845            0.489544               0.586632   0.412227            0.559568
                            5    0.3  0.92             0.72093                0.7698     0.625               0.756098
                            5    0.4  0.97             0.892857               0.910936   0.836364            0.903614
                            5    0.5  1                1                      1          1                   1
                            5    0.6  1                1                      1          1                   1
                            5    0.7  1                1                      1          1                   1
                            5    0.8  1                1                      1          1                   1
 
 
 Dataframe: 
         5    15   25   50   100
-1.0  0.00  0.0  0.0  0.0  0.0
-0.9  0.00  0.0  0.0  0.0  0.0
-0.8  0.00  0.0  0.0  0.0  0.0
-0.7  0.00  0.0  0.0  0.0  0.0
-0.6  0.00  0.0  0.0  0.0  0.0
-0.5  0.00  0.0  0.0  0.0  0.0
-0.4  0.00  0.0  0.0  0.0  0.0
-0.3  0.08  0.0  0.0  0.0  0.0
-0.2  0.04  0.0  0.0  0.0  0.0
-0.1  0.04  0.0  0.0  0.0  0.0
 0.0  0.08  0.0  0.0  0.0  0.0
 0.1  0.20  0.0  0.0  0.0  0.0
 0.2  0.04  0.0  0.0  0.0  0.0
 0.3  0.16  0.0  0.0  0.0  0.0
 0.4  0.12  0.0  0.0  0.0  0.0
 0.5  0.20  0.0  0.0  0.0  0.0
 0.6  0.60  0.0  0.0  0.0  0.0
 0.7  0.80  0.0  0.0  0.0  0.0
 0.8  0.92  0.0  0.0  0.0  0.0
 0.9  0.96  0.0  0.0  0.0  0.0
 1.0  0.96  0.0  0.0  0.0  0.0