Averages 
  Number of sequences/cluster    Gap      Rand    Adjusted Rand    Fowlkes and Mallows    Jaccard    Adjusted Wallace
-----------------------------  -----  --------  ---------------  ---------------------  ---------  ------------------
                            5   -0.3  0.47           0.103383                 0.419548   0.205               0.504587
                            5    0.1  0.743333       0.150735                 0.307822   0.180851            0.171548
                            5    0.2  0.743333       0.150735                 0.307822   0.180851            0.171548
                            5    0.4  0.796667       0.309628                 0.433606   0.278721            0.331933
                            5    0.5  0.903333       0.66424                  0.723603   0.569454            0.706903
                            5    0.6  0.926667       0.74135                  0.785705   0.664559            0.757475
                            5    0.7  1              1                        1          1                   1
                            5    0.8  1              1                        1          1                   1
                            5    0.9  1              1                        1          1                   1
                            5    1    0.896667       0.677083                 0.749106   0.586667            0.844156
                           15   -0.4  0.353874       0.0374342                0.415835   0.197763            0.295804
                           15   -0.2  0.626306       0.116675                 0.359295   0.204144            0.209128
                           15   -0.1  0.744505       0.262517                 0.42663    0.267562            0.321756
                           15    0    0.835315       0.473919                 0.576253   0.405284            0.489253
                           15    0.1  0.824745       0.440743                 0.54963    0.379198            0.455722
                           15    0.2  0.837297       0.479901                 0.580972   0.409712            0.493643
                           15    0.3  0.863784       0.559856                 0.644109   0.475               0.56779
                           15    0.4  0.924685       0.759254                 0.806196   0.674961            0.783626
                           15    0.5  0.962883       0.879614                 0.902558   0.822723            0.886899
                           15    0.6  0.964685       0.885509                 0.907348   0.830623            0.892765
                           15    0.7  0.97973        0.934371                 0.946917   0.902126            0.939851
                           25   -0.4  0.26529        0.00675242               0.421309   0.19234             0.118483
                           25    0.6  0.9655         0.890333                 0.91181    0.84107             0.897625
                           50   -0.4  0.290056       0.0132708                0.423441   0.197203            0.175728
                           50    0.3  0.812948       0.433169                 0.551674   0.380111            0.465433
                           50    0.5  0.987534       0.960576                 0.968337   0.938617            0.960967
                           50    0.6  0.961867       0.88003                  0.903827   0.827807            0.885414 
 Standard Deviations 
  Number of sequences/cluster    Gap  Rand                  Adjusted Rand         Fowlkes and Mallows    Jaccard               Adjusted Wallace
-----------------------------  -----  --------------------  --------------------  ---------------------  --------------------  --------------------
                            5   -0.3  0.0                   0.0                   0.0                    0.0                   0.0
                            5    0.1  -                     -                     -                      -                     -
                            5    0.2  -                     -                     -                      -                     -
                            5    0.4  0.04714045207910316   0.1311202142503547    0.10106370640079951    0.08335524493507754   0.1203086495729115
                            5    0.5  0.028284271247461926  0.10521226609274269   0.08927767254177574    0.10847033789439124   0.13515151353313123
                            5    0.6  0.061282587702834124  0.2142628248796291    0.1771029212273418     0.24296897039980442   0.20667205662503252
                            5    0.7  -                     -                     -                      -                     -
                            5    0.8  -                     -                     -                      -                     -
                            5    0.9  -                     -                     -                      -                     -
                            5    1    -                     -                     -                      -                     -
                           15   -0.4  -                     -                     -                      -                     -
                           15   -0.2  -                     -                     -                      -                     -
                           15   -0.1  -                     -                     -                      -                     -
                           15    0    0.016395406365516854  0.04935678448536141   0.03919203756646952    0.038405816865381415  0.04980333869961815
                           15    0.1  0.013494681572941196  0.04008307539232811   0.03151910464801539    0.030141934895692835  0.037346779113413144
                           15    0.2  0.01962062059508614   0.051976501806123426  0.03898300207717412    0.03905802151992175   0.036842502752549695
                           15    0.3  -                     -                     -                      -                     -
                           15    0.4  -                     -                     -                      -                     -
                           15    0.5  0.006903511373213693  0.02250128271692068   0.018253327237774394   0.03058346157397744   0.024413727913278782
                           15    0.6  0.005840358333282031  0.01864918997540835   0.01500814693457957    0.025178617801774276  0.015691884270661
                           15    0.7  0.018425130430401945  0.059513746504130334  0.04809383843948168    0.08699133545353122   0.05350339713439249
                           25   -0.4  -                     -                     -                      -                     -
                           25    0.6  0.01933823404479989   0.06090811037442446   0.048806966772708994   0.08207527967335657   0.054427093891991955
                           50   -0.4  -                     -                     -                      -                     -
                           50    0.3  -                     -                     -                      -                     -
                           50    0.5  -                     -                     -                      -                     -
                           50    0.6  0.02025460067542373   0.06328486703167273   0.050605489268682774   0.08198809817290625   0.0590422356422204 
 Medians 
  Number of sequences/cluster    Gap      Rand    Adjusted Rand    Fowlkes and Mallows    Jaccard    Adjusted Wallace
-----------------------------  -----  --------  ---------------  ---------------------  ---------  ------------------
                            5   -0.3  0.47           0.103383                 0.419548   0.205               0.504587
                            5    0.1  0.743333       0.150735                 0.307822   0.180851            0.171548
                            5    0.2  0.743333       0.150735                 0.307822   0.180851            0.171548
                            5    0.4  0.796667       0.309628                 0.433606   0.278721            0.331933
                            5    0.5  0.903333       0.66424                  0.723603   0.569454            0.706903
                            5    0.6  0.926667       0.74135                  0.785705   0.664559            0.757475
                            5    0.7  1              1                        1          1                   1
                            5    0.8  1              1                        1          1                   1
                            5    0.9  1              1                        1          1                   1
                            5    1    0.896667       0.677083                 0.749106   0.586667            0.844156
                           15   -0.4  0.353874       0.0374342                0.415835   0.197763            0.295804
                           15   -0.2  0.626306       0.116675                 0.359295   0.204144            0.209128
                           15   -0.1  0.744505       0.262517                 0.42663    0.267562            0.321756
                           15    0    0.83982        0.484938                 0.583269   0.411994            0.490451
                           15    0.1  0.822342       0.436153                 0.546775   0.375949            0.455426
                           15    0.2  0.837297       0.479901                 0.580972   0.409712            0.493643
                           15    0.3  0.863784       0.559856                 0.644109   0.475               0.56779
                           15    0.4  0.924685       0.759254                 0.806196   0.674961            0.783626
                           15    0.5  0.95964        0.868828                 0.893745   0.80789             0.872917
                           15    0.6  0.964685       0.885257                 0.907065   0.830142            0.891573
                           15    0.7  0.97982        0.934483                 0.946952   0.900341            0.938774
                           25   -0.4  0.26529        0.00675242               0.421309   0.19234             0.118483
                           25    0.6  0.966581       0.893484                 0.914256   0.842104            0.900898
                           50   -0.4  0.290056       0.0132708                0.423441   0.197203            0.175728
                           50    0.3  0.812948       0.433169                 0.551674   0.380111            0.465433
                           50    0.5  0.987534       0.960576                 0.968337   0.938617            0.960967
                           50    0.6  0.96498        0.88942                  0.911235   0.837091            0.892144
 
 
 Dataframe: 
          5     15    25    50
-1.0  0.00  0.00  0.00  0.00
-0.9  0.00  0.00  0.00  0.00
-0.8  0.00  0.00  0.00  0.00
-0.7  0.00  0.00  0.00  0.00
-0.6  0.00  0.00  0.00  0.00
-0.5  0.00  0.00  0.00  0.00
-0.4  0.00  0.00  0.04  0.12
-0.3  0.04  0.00  0.00  0.00
-0.2  0.00  0.00  0.04  0.00
-0.1  0.00  0.04  0.00  0.04
 0.0  0.08  0.00  0.08  0.04
 0.1  0.16  0.16  0.08  0.00
 0.2  0.20  0.16  0.04  0.16
 0.3  0.20  0.16  0.12  0.08
 0.4  0.16  0.04  0.04  0.12
 0.5  0.04  0.00  0.08  0.04
 0.6  0.12  0.04  0.00  0.00
 0.7  0.28  0.12  0.00  0.00
 0.8  0.44  0.16  0.00  0.04
 0.9  0.64  0.32  0.00  0.08
 1.0  0.88  0.68  0.36  0.20