Averages 
  Number of sequences/cluster    Gap      Rand    Adjusted Rand    Fowlkes and Mallows    Jaccard    Adjusted Wallace
-----------------------------  -----  --------  ---------------  ---------------------  ---------  ------------------
                            5   -0.3  0.478947         0.10043                0.445594   0.238462            0.380435
                            5   -0.2  0.552632         0.140546               0.445243   0.250738            0.38802
                            5   -0.1  0.757895         0.297428               0.452895   0.292308            0.316781
                            5    0.1  0.743158         0.259951               0.425283   0.271601            0.280388
                            5    0.2  0.747368         0.283175               0.446951   0.287108            0.315998
                            5    0.3  0.8              0.419614               0.548241   0.377049            0.446918
                            5    0.7  1                1                      1          1                   1
                            5    0.8  1                1                      1          1                   1
                            5    0.9  1                1                      1          1                   1
                            5    1    0.997507         0.992568               0.994156   0.989474            0.993289
                           15   -0.2  0.655932         0.161529               0.398114   0.244417            0.208268
                           15    0    0.761582         0.347742               0.504745   0.33752             0.354313
                           15    0.1  0.735028         0.291777               0.468158   0.305185            0.311034
                           15    0.2  0.766102         0.370723               0.525948   0.359966            0.38576
                           15    1    1                1                      1          1                   1
                           25   -0.3  0.35697          0.026416               0.463212   0.242143            0.190916
                           25   -0.2  0.738384         0.329721               0.507722   0.338611            0.372308
                           25   -0.1  0.753333         0.350907               0.516487   0.34761             0.37521
                           25    0    0.74             0.305723               0.478923   0.314696            0.317543
                           25    0.1  0.735152         0.290014               0.466105   0.303771            0.298917
                           25    1    1                1                      1          1                   1
                           50   -0.2  0.717739         0.27235                0.463656   0.30102             0.297602
                           50   -0.1  0.754774         0.357205               0.522189   0.352939            0.377725 
 Standard Deviations 
  Number of sequences/cluster    Gap  Rand                   Adjusted Rand         Fowlkes and Mallows    Jaccard               Adjusted Wallace
-----------------------------  -----  ---------------------  --------------------  ---------------------  --------------------  --------------------
                            5   -0.3  0.0                    0.0                   0.0                    0.0                   0.0
                            5   -0.2  0.014886458551295705   0.06407541351263896   0.062072280192131186   0.038923812722147684  0.21799939921345862
                            5   -0.1  -                      -                     -                      -                     -
                            5    0.1  0.033370247335047086   0.0931083507872911    0.07222218548682026    0.059212621040034004  0.10337361426556545
                            5    0.2  0.01578947368421052    0.050772128654765665  0.0438779658214609     0.036064009176727245  0.06895345765860574
                            5    0.3  -                      -                     -                      -                     -
                            5    0.7  -                      -                     -                      -                     -
                            5    0.8  0.0                    0.0                   0.0                    0.0                   0.0
                            5    0.9  0.0                    0.0                   0.0                    0.0                   0.0
                            5    1    0.010867061078079249   0.03239478983638816   0.02547509461762615    0.04588314677411234   0.029254355325776315
                           15   -0.2  -                      -                     -                      -                     -
                           15    0    -                      -                     -                      -                     -
                           15    0.1  -                      -                     -                      -                     -
                           15    0.2  0.0583263220639751     0.14515939694053692   0.10515490238879799    0.09736146561816048   0.1376094968215011
                           15    1    0.0                    0.0                   0.0                    0.0                   0.0
                           25   -0.3  -                      -                     -                      -                     -
                           25   -0.2  -                      -                     -                      -                     -
                           25   -0.1  0.0045711953531251855  0.009263895791001097  0.005845940230070858   0.005435245010128416  0.00669887958590504
                           25    0    -                      -                     -                      -                     -
                           25    0.1  -                      -                     -                      -                     -
                           25    1    0.0                    0.0                   0.0                    0.0                   0.0
                           50   -0.2  -                      -                     -                      -                     -
                           50   -0.1  0.0004974620571161144  0.010545109713089704  0.01250102076151327    0.010940452851354306  0.025234855054071376 
 Medians 
  Number of sequences/cluster    Gap      Rand    Adjusted Rand    Fowlkes and Mallows    Jaccard    Adjusted Wallace
-----------------------------  -----  --------  ---------------  ---------------------  ---------  ------------------
                            5   -0.3  0.478947         0.10043                0.445594   0.238462            0.380435
                            5   -0.2  0.552632         0.140546               0.445243   0.250738            0.38802
                            5   -0.1  0.757895         0.297428               0.452895   0.292308            0.316781
                            5    0.1  0.747368         0.253682               0.414758   0.261538            0.261824
                            5    0.2  0.747368         0.254042               0.429166   0.271429            0.292553
                            5    0.3  0.8              0.419614               0.548241   0.377049            0.446918
                            5    0.7  1                1                      1          1                   1
                            5    0.8  1                1                      1          1                   1
                            5    0.9  1                1                      1          1                   1
                            5    1    1                1                      1          1                   1
                           15   -0.2  0.655932         0.161529               0.398114   0.244417            0.208268
                           15    0    0.761582         0.347742               0.504745   0.33752             0.354313
                           15    0.1  0.735028         0.291777               0.468158   0.305185            0.311034
                           15    0.2  0.766102         0.370723               0.525948   0.359966            0.38576
                           15    1    1                1                      1          1                   1
                           25   -0.3  0.35697          0.026416               0.463212   0.242143            0.190916
                           25   -0.2  0.738384         0.329721               0.507722   0.338611            0.372308
                           25   -0.1  0.753333         0.350907               0.516487   0.34761             0.37521
                           25    0    0.74             0.305723               0.478923   0.314696            0.317543
                           25    0.1  0.735152         0.290014               0.466105   0.303771            0.298917
                           25    1    1                1                      1          1                   1
                           50   -0.2  0.717739         0.27235                0.463656   0.30102             0.297602
                           50   -0.1  0.754774         0.357205               0.522189   0.352939            0.377725
 
 
 Dataframe: 
          5     15    25    50
-1.0  0.00  0.00  0.00  0.00
-0.9  0.00  0.00  0.00  0.00
-0.8  0.00  0.00  0.00  0.00
-0.7  0.00  0.00  0.00  0.00
-0.6  0.00  0.00  0.00  0.00
-0.5  0.00  0.00  0.00  0.00
-0.4  0.00  0.00  0.00  0.00
-0.3  0.12  0.00  0.04  0.00
-0.2  0.08  0.04  0.04  0.04
-0.1  0.04  0.00  0.08  0.08
 0.0  0.00  0.04  0.04  0.00
 0.1  0.20  0.04  0.04  0.00
 0.2  0.12  0.08  0.00  0.00
 0.3  0.04  0.00  0.00  0.00
 0.4  0.00  0.00  0.00  0.00
 0.5  0.00  0.00  0.00  0.00
 0.6  0.00  0.00  0.00  0.00
 0.7  0.04  0.00  0.00  0.00
 0.8  0.12  0.00  0.00  0.00
 0.9  0.36  0.00  0.00  0.00
 1.0  0.76  0.32  0.24  0.00