Averages 
  Number of sequences/cluster    Gap      Rand    Adjusted Rand    Fowlkes and Mallows    Jaccard    Adjusted Wallace
-----------------------------  -----  --------  ---------------  ---------------------  ---------  ------------------
                            5   -0.3  0.553333        0.12987                 0.40762    0.211765            0.416667
                            5   -0.2  0.79            0.401899                0.543305   0.357143            0.585253
                            5   -0.1  0.818333        0.392507                0.50457    0.335592            0.438732
                            5    0.1  0.953333        0.8351                  0.863408   0.762444            0.854641
                            5    0.2  0.995           0.982143                0.985156   0.972727            0.983936
                            5    0.3  0.993333        0.97619                 0.980208   0.963636            0.978581
                            5    0.4  0.996667        0.988095                0.990104   0.981818            0.98929
                            5    0.5  1               1                       1          1                   1
                            5    0.6  1               1                       1          1                   1
                            5    0.7  1               1                       1          1                   1
                            5    0.8  1               1                       1          1                   1
                            5    0.9  1               1                       1          1                   1
                           15    0    0.867748        0.578462                0.660771   0.493094            0.59982
                           15    0.1  0.974324        0.916834                0.932711   0.881074            0.920706
                           15    0.2  0.996517        0.988654                0.990803   0.982099            0.989032
                           15    0.3  1               1                       1          1                   1
                           25   -0.3  0.756516        0.331042                0.491681   0.319018            0.431159
                           25    0.1  0.980184        0.936819                0.94913    0.908048            0.939713
                           50   -0.4  0.314517        0.0215155               0.422957   0.199664            0.226093 
 Standard Deviations 
  Number of sequences/cluster    Gap  Rand                   Adjusted Rand          Fowlkes and Mallows     Jaccard               Adjusted Wallace
-----------------------------  -----  ---------------------  ---------------------  ----------------------  --------------------  --------------------
                            5   -0.3  -                      -                      -                       -                     -
                            5   -0.2  -                      -                      -                       -                     -
                            5   -0.1  0.01178511301977575    0.01707335490584838    0.008035835106494246    0.008740113602156875  0.006089423411338842
                            5    0.1  0.02357022603955158    0.08168030340715145    0.06721447006839065     0.1045379920919605    0.06925859307461044
                            5    0.2  0.012247448713915901   0.043740888263985304   0.03636033207481913     0.06680426571226851   0.039349232815794014
                            5    0.3  0.013228756555322964   0.04724555912615338    0.03927364731415084     0.07215685393812522   0.042502029093407064
                            5    0.4  0.010000000000000009   0.0357142857142857     0.029688086820486553    0.054545454545454564  0.03212851405622489
                            5    0.5  0.0                    0.0                    0.0                     0.0                   0.0
                            5    0.6  0.0                    0.0                    0.0                     0.0                   0.0
                            5    0.7  0.0                    0.0                    0.0                     0.0                   0.0
                            5    0.8  0.0                    0.0                    0.0                     0.0                   0.0
                            5    0.9  0.0                    0.0                    0.0                     0.0                   0.0
                           15    0    -                      -                      -                       -                     -
                           15    0.1  0.027695047649588207   0.08946948920461523    0.07232520974241805     0.12143726176528578   0.08497739836557784
                           15    0.2  0.0060335703807204155  0.019652217074531905   0.015930438361590842    0.031005847789813232  0.018996851898635942
                           15    0.3  0.0                    0.0                    0.0                     0.0                   0.0
                           25   -0.3  -                      -                      -                       -                     -
                           25    0.1  0.022742261221534454   0.07242245201459954    0.058285313274460834    0.10262774428582637   0.0687958007726823
                           50   -0.4  0.0033017943105463085  0.0012276741157124088  3.9820491047203064e-05  0.000389349470774576  0.006484681301013634 
 Medians 
  Number of sequences/cluster    Gap      Rand    Adjusted Rand    Fowlkes and Mallows    Jaccard    Adjusted Wallace
-----------------------------  -----  --------  ---------------  ---------------------  ---------  ------------------
                            5   -0.3  0.553333        0.12987                 0.40762    0.211765            0.416667
                            5   -0.2  0.79            0.401899                0.543305   0.357143            0.585253
                            5   -0.1  0.818333        0.392507                0.50457    0.335592            0.438732
                            5    0.1  0.953333        0.8351                  0.863408   0.762444            0.854641
                            5    0.2  1               1                       1          1                   1
                            5    0.3  1               1                       1          1                   1
                            5    0.4  1               1                       1          1                   1
                            5    0.5  1               1                       1          1                   1
                            5    0.6  1               1                       1          1                   1
                            5    0.7  1               1                       1          1                   1
                            5    0.8  1               1                       1          1                   1
                            5    0.9  1               1                       1          1                   1
                           15    0    0.867748        0.578462                0.660771   0.493094            0.59982
                           15    0.1  0.984505        0.949529                0.959087   0.921704            0.950645
                           15    0.2  1               1                       1          1                   1
                           15    0.3  1               1                       1          1                   1
                           25   -0.3  0.756516        0.331042                0.491681   0.319018            0.431159
                           25    0.1  0.993677        0.979752                0.983672   0.967869            0.980157
                           50   -0.4  0.31261         0.0208067               0.422934   0.199439            0.222349
 
 
 Dataframe: 
          5     15    25    50
-1.0  0.00  0.00  0.00  0.00
-0.9  0.00  0.00  0.00  0.00
-0.8  0.00  0.00  0.00  0.00
-0.7  0.00  0.00  0.00  0.00
-0.6  0.00  0.00  0.00  0.00
-0.5  0.00  0.00  0.00  0.00
-0.4  0.00  0.04  0.04  0.12
-0.3  0.04  0.04  0.08  0.04
-0.2  0.04  0.04  0.00  0.00
-0.1  0.08  0.00  0.08  0.12
 0.0  0.08  0.00  0.00  0.00
 0.1  0.20  0.08  0.04  0.00
 0.2  0.00  0.04  0.00  0.08
 0.3  0.08  0.84  1.00  0.72
 0.4  0.36  0.96  1.00  0.92
 0.5  0.40  0.80  0.44  0.00
 0.6  0.32  0.16  0.00  0.00
 0.7  0.16  0.00  0.00  0.00
 0.8  0.04  0.00  0.00  0.00
 0.9  0.08  0.00  0.00  0.00
 1.0  0.00  0.00  0.00  0.00