Averages 
  Number of sequences/cluster    Gap      Rand    Adjusted Rand    Fowlkes and Mallows    Jaccard    Adjusted Wallace
-----------------------------  -----  --------  ---------------  ---------------------  ---------  ------------------
                            5   -0.3  0.578333        0.151741                0.418187   0.222011            0.444182
                            5   -0.2  0.735           0.232048                0.399534   0.241546            0.318841
                            5    0    0.796667        0.317012                0.441754   0.282254            0.352859
                            5    0.1  0.86            0.515447                0.600806   0.428611            0.547009
                            5    0.2  0.86            0.522727                0.608781   0.436306            0.567901
                            5    0.3  0.985           0.946429                0.955468   0.918182            0.951807
                            5    0.4  1               1                       1          1                   1
                            5    0.5  0.995           0.982143                0.985156   0.972727            0.983936
                            5    0.6  1               1                       1          1                   1
                            5    0.7  1               1                       1          1                   1
                            5    0.8  1               1                       1          1                   1
                            5    0.9  1               1                       1          1                   1
                           15   -0.4  0.313874        0.0200312               0.41213    0.191507            0.208213
                           15   -0.1  0.817297        0.440047                0.555719   0.383212            0.486824
                           15    0    0.823063        0.440033                0.550343   0.379267            0.461618
                           15    0.3  0.950901        0.841251                0.87165    0.773787            0.851273
                           15    0.4  0.968168        0.896836                0.916519   0.852228            0.900997
                           15    0.5  0.958198        0.86493                 0.890829   0.803056            0.877186
                           25   -0.4  0.333032        0.0282008               0.41901    0.198605            0.255102
                           25   -0.2  0.750581        0.273705                0.433578   0.274399            0.321406
                           25    0    0.844774        0.516121                0.613436   0.442022            0.539787
                           25    0.3  0.948           0.83504                 0.867438   0.76997             0.845134
                           25    0.4  0.964774        0.887714                0.909608   0.836852            0.893311
                           50   -0.4  0.330153        0.0281553               0.424031   0.201952            0.262386
                           50   -0.3  0.722313        0.273586                0.45848    0.288291            0.382819
                           50    0    0.835309        0.480966                0.583616   0.412049            0.483884
                           50    0.3  0.965494        0.891407                0.912943   0.841159            0.897624
                           50    0.4  0.981398        0.941267                0.952857   0.909953            0.944236 
 Standard Deviations 
  Number of sequences/cluster    Gap  Rand                  Adjusted Rand          Fowlkes and Mallows    Jaccard                Adjusted Wallace
-----------------------------  -----  --------------------  ---------------------  ---------------------  ---------------------  --------------------
                            5   -0.3  0.03535533905932741   0.030929544451251408   0.014944014734789915   0.014490992859230964   0.03891310902756161
                            5   -0.2  0.05421151989096864   0.06300020523869507    0.025812137720488012   0.027327798306726478   0.02049584873004487
                            5    0    0.0                   0.014416281300928943   0.015449757707279823   0.01194172581738078    0.027613653937549887
                            5    0.1  0.004714045207910269  0.0057753749883844505  0.001967393980121896   0.0027498597046143494  0.012087295404898283
                            5    0.2  0.004714045207910269  0.01607060866333061    0.013245323570650405   0.013632509114767651   0.017459426695964134
                            5    0.3  0.021213203435596444  0.07576144084141577    0.06297794253366303    0.11570838237598054    0.0681548704758118
                            5    0.4  0.0                   0.0                    0.0                    0.0                    0.0
                            5    0.5  0.012247448713915901  0.043740888263985304   0.03636033207481913    0.06680426571226851    0.039349232815794014
                            5    0.6  0.0                   0.0                    0.0                    0.0                    0.0
                            5    0.7  0.0                   0.0                    0.0                    0.0                    0.0
                            5    0.8  0.0                   0.0                    0.0                    0.0                    0.0
                            5    0.9  -                     -                      -                      -                      -
                           15   -0.4  -                     -                      -                      -                      -
                           15   -0.1  -                     -                      -                      -                      -
                           15    0    -                     -                      -                      -                      -
                           15    0.3  0.01399811768238863   0.04474496451483629    0.036030229084259735   0.05706713141072671    0.04149043078161109
                           15    0.4  0.029418150685451196  0.0951000007582958     0.0768884397032002     0.13450831193852616    0.08969609886152313
                           15    0.5  -                     -                      -                      -                      -
                           25   -0.4  -                     -                      -                      -                      -
                           25   -0.2  -                     -                      -                      -                      -
                           25    0    -                     -                      -                      -                      -
                           25    0.3  0.02286368437850569   0.07176016565676177    0.057437027391664446   0.09130755381414693    0.06580370400984278
                           25    0.4  0.019685350067603045  0.06265059280565982    0.05040750354202226    0.08711489168171446    0.05928167948498707
                           50   -0.4  -                     -                      -                      -                      -
                           50   -0.3  -                     -                      -                      -                      -
                           50    0    0.003225997202521732  0.008229102174900029   0.006085893677858939   0.006081021882213937   0.005292575233856386
                           50    0.3  0.012477026840196644  0.03902054323784795    0.031207343500587358   0.053507639407192636   0.03549626856568594
                           50    0.4  -                     -                      -                      -                      - 
 Medians 
  Number of sequences/cluster    Gap      Rand    Adjusted Rand    Fowlkes and Mallows    Jaccard    Adjusted Wallace
-----------------------------  -----  --------  ---------------  ---------------------  ---------  ------------------
                            5   -0.3  0.578333        0.151741                0.418187   0.222011            0.444182
                            5   -0.2  0.735           0.232048                0.399534   0.241546            0.318841
                            5    0    0.796667        0.317012                0.441754   0.282254            0.352859
                            5    0.1  0.86            0.515447                0.600806   0.428611            0.547009
                            5    0.2  0.86            0.522727                0.608781   0.436306            0.567901
                            5    0.3  0.985           0.946429                0.955468   0.918182            0.951807
                            5    0.4  1               1                       1          1                   1
                            5    0.5  1               1                       1          1                   1
                            5    0.6  1               1                       1          1                   1
                            5    0.7  1               1                       1          1                   1
                            5    0.8  1               1                       1          1                   1
                            5    0.9  1               1                       1          1                   1
                           15   -0.4  0.313874        0.0200312               0.41213    0.191507            0.208213
                           15   -0.1  0.817297        0.440047                0.555719   0.383212            0.486824
                           15    0    0.823063        0.440033                0.550343   0.379267            0.461618
                           15    0.3  0.95027         0.83884                 0.869592   0.769223            0.846772
                           15    0.4  0.962523        0.877841                0.900952   0.819757            0.877841
                           15    0.5  0.958198        0.86493                 0.890829   0.803056            0.877186
                           25   -0.4  0.333032        0.0282008               0.41901    0.198605            0.255102
                           25   -0.2  0.750581        0.273705                0.433578   0.274399            0.321406
                           25    0    0.844774        0.516121                0.613436   0.442022            0.539787
                           25    0.3  0.946065        0.828372                0.861915   0.75732             0.837291
                           25    0.4  0.955742        0.859473                0.887044   0.796921            0.871976
                           50   -0.4  0.330153        0.0281553               0.424031   0.201952            0.262386
                           50   -0.3  0.722313        0.273586                0.45848    0.288291            0.382819
                           50    0    0.835309        0.480966                0.583616   0.412049            0.483884
                           50    0.3  0.964498        0.887813                0.909922   0.834729            0.889348
                           50    0.4  0.981398        0.941267                0.952857   0.909953            0.944236
 
 
 Dataframe: 
          5     15    25    50
-1.0  0.00  0.00  0.00  0.00
-0.9  0.00  0.00  0.00  0.00
-0.8  0.00  0.00  0.00  0.00
-0.7  0.00  0.00  0.00  0.00
-0.6  0.00  0.00  0.00  0.00
-0.5  0.00  0.00  0.00  0.00
-0.4  0.00  0.04  0.12  0.00
-0.3  0.12  0.00  0.00  0.04
-0.2  0.04  0.04  0.04  0.04
-0.1  0.04  0.00  0.04  0.00
 0.0  0.08  0.04  0.12  0.12
 0.1  0.16  0.08  0.16  0.12
 0.2  0.08  0.08  0.00  0.16
 0.3  0.00  0.12  0.00  0.04
 0.4  0.04  0.00  0.00  0.00
 0.5  0.20  0.04  0.04  0.00
 0.6  0.52  0.20  0.28  0.20
 0.7  0.84  1.00  0.96  0.80
 0.8  0.92  1.00  1.00  1.00
 0.9  0.96  0.96  0.96  0.64
 1.0  0.92  0.92  0.64  0.08