Averages 
  Number of sequences/cluster    Gap      Rand    Adjusted Rand    Fowlkes and Mallows    Jaccard    Adjusted Wallace
-----------------------------  -----  --------  ---------------  ---------------------  ---------  ------------------
                            5   -0.2  0.563158       0.185854                 0.489134   0.278261           0.542169
                            5   -0.1  0.836842       0.581973                 0.699879   0.523077           0.782443
                            5    0    0.836842       0.581973                 0.699879   0.523077           0.782443
                           15   -0.4  0.291525       0.00363607               0.465354   0.233028           0.0554187
                           15   -0.3  0.73209        0.430196                 0.632326   0.437619           0.721414
                           15   -0.2  0.844256       0.623523                 0.739209   0.57261            0.818446
                           25   -0.4  0.641616       0.312015                 0.586501   0.372035           0.729716
                           25   -0.3  0.857172       0.645593                 0.748125   0.590145           0.779645 
 Standard Deviations 
  Number of sequences/cluster    Gap  Rand                  Adjusted Rand         Fowlkes and Mallows    Jaccard              Adjusted Wallace
-----------------------------  -----  --------------------  --------------------  ---------------------  -------------------  --------------------
                            5   -0.2  0.0                   0.0                   0.0                    0.0                  0.0
                            5   -0.1  -                     -                     -                      -                    -
                            5    0    0.0                   0.0                   0.0                    0.0                  0.0
                           15   -0.4  -                     -                     -                      -                    -
                           15   -0.3  0.07275906176318134   0.1195333038520773    0.06090050969434237    0.08135776448781463  0.023697527435888995
                           15   -0.2  0.003261865927624974  0.009421381753578957  0.007948158307928681   0.00895116696418026  0.019860380043496852
                           25   -0.4  -                     -                     -                      -                    -
                           25   -0.3  -                     -                     -                      -                    - 
 Medians 
  Number of sequences/cluster    Gap      Rand    Adjusted Rand    Fowlkes and Mallows    Jaccard    Adjusted Wallace
-----------------------------  -----  --------  ---------------  ---------------------  ---------  ------------------
                            5   -0.2  0.563158       0.185854                 0.489134   0.278261           0.542169
                            5   -0.1  0.836842       0.581973                 0.699879   0.523077           0.782443
                            5    0    0.836842       0.581973                 0.699879   0.523077           0.782443
                           15   -0.4  0.291525       0.00363607               0.465354   0.233028           0.0554187
                           15   -0.3  0.70226        0.381763                 0.608918   0.40452            0.715065
                           15   -0.2  0.842373       0.618083                 0.73462    0.567442           0.806979
                           25   -0.4  0.641616       0.312015                 0.586501   0.372035           0.729716
                           25   -0.3  0.857172       0.645593                 0.748125   0.590145           0.779645
 
 
 Dataframe: 
          5     15    25   50
-1.0  0.00  0.00  0.00  0.0
-0.9  0.00  0.00  0.00  0.0
-0.8  0.00  0.00  0.00  0.0
-0.7  0.00  0.00  0.00  0.0
-0.6  0.00  0.00  0.00  0.0
-0.5  0.00  0.00  0.00  0.0
-0.4  0.00  0.04  0.04  0.0
-0.3  0.00  0.20  0.04  0.0
-0.2  0.08  0.12  0.00  0.0
-0.1  0.04  0.00  0.00  0.0
 0.0  0.24  0.00  0.00  0.0
 0.1  0.00  0.00  0.00  0.0
 0.2  0.00  0.00  0.00  0.0
 0.3  0.00  0.00  0.00  0.0
 0.4  0.00  0.00  0.00  0.0
 0.5  0.00  0.00  0.00  0.0
 0.6  0.00  0.00  0.00  0.0
 0.7  0.00  0.00  0.00  0.0
 0.8  0.00  0.00  0.00  0.0
 0.9  0.00  0.00  0.00  0.0
 1.0  0.00  0.00  0.00  0.0